import numpy as np
from scipy.spatial.transform import Rotation as R


R11 = np.array(
    [
        [-0.9895676970481873, -0.11276048421859741, 0.08967102319002151],
        [-0.05080109089612961, 0.8555474877357483, 0.515225887298584],
        [0.13481494784355164, -0.5052955150604248, 0.8523505330085754],
    ]
)
t11 = np.array([[97.44168090820312], [123.63945007324219], [-40.67252731323242]])

R12 = np.array(
    [
        [-0.9895676970481873, -0.05080109089612961, 0.13481494784355164],
        [-0.11276048421859741, 0.8555474877357483, -0.5052955150604248],
        [0.08967102319002151, 0.515225887298584, 0.8523505330085754],
    ]
)
t12 = np.array([[-6.218051433563232], [-3.853752613067627], [9.395186424255371]])

R21 = np.array(
    [
        [0.98818439245224, 0.05147310718894005, -0.14436742663383484],
        [-0.05147303640842438, 0.7757630348205566, 0.6289215087890625],
        [0.14436745643615723, 0.6289215087890625, -0.7639474868774414],
    ]
)
t21 = np.array([[100.46024322509766], [38.68293762207031], [76.21636962890625]])

R22 = np.array(
    [
        [0.98818439245224, -0.05147303640842438, 0.14436745643615723],
        [0.05147310718894005, 0.7757630348205566, 0.6289215087890625],
        [-0.14436744153499603, 0.6289215087890625, -0.7639474868774414],
    ]
)
t22 = np.array([[-6.087547302246094], [-3.9361414909362793], [9.4716796875]])

R31 = np.array(
    [
        [0.9895676970481873, -0.11276048421859741, 0.08967102319002151],
        [0.05080109089612961, 0.8555474877357483, 0.515225887298584],
        [-0.13481494784355164, -0.5052955150604248, 0.8523505330085754],
    ]
)
t31 = np.array([[-100.46024322509766], [38.68293762207031], [76.21636962890625]])

R32 = np.array(
    [
        [0.9895676970481873, 0.05080109089612961, -0.13481494784355164],
        [-0.11276048421859741, 0.8555474877357483, -0.5052955150604248],
        [0.08967102319002151, 0.515225887298584, 0.8523505330085754],
    ]
)
t32 = np.array([[-6.087547302246094], [3.9361414909362793], [9.4716796875]])

R41 = np.array(
    [
        [-0.9895676970481873, -0.11276048421859741, 0.08967102319002151],
        [-0.05080109089612961, 0.8555474877357483, 0.515225887298584],
        [0.13481494784355164, -0.5052955150604248, 0.8523505330085754],
    ]
)
t41 = np.array([[-97.44168090820312], [123.63945007324219], [-40.67252731323242]])

R42 = np.array(
    [
        [-0.9895676970481873, -0.05080109089612961, 0.13481494784355164],
        [-0.11276048421859741, 0.8555474877357483, -0.5052955150604248],
        [0.08967102319002151, 0.515225887298584, 0.8523505330085754],
    ]
)
t42 = np.array([[-6.218051433563232], [-3.853752613067627], [9.395186424255371]])

R1 = R.from_euler("xyz", [-27.0, 0.0, 0.0], degrees=True).as_matrix()
R2 = R.from_euler("xyz", [-27.0, 0.0, 0.0], degrees=True).as_matrix()
R3 = R.from_euler("xyz", [-27.0, 0.0, 0.0], degrees=True).as_matrix()
R4 = R.from_euler("xyz", [-27.0, 0.0, 0.0], degrees=True).as_matrix()
# print(np.dot(R1, t11))
# print(np.dot(R2, t21))
# print(np.dot(R3, t31))
# print(np.dot(R4, t41))

# print(np.dot(R11, R12))
# print(np.dot(R21, R22))
# print(np.dot(R31, R32))
# print(np.dot(R41, R42))

# print(np.dot(R11, t12) + t11)
# print(np.dot(R21, t22) + t21)
# print(np.dot(R31, t32) + t31)
# print(np.dot(R41, t42) + t41)
